대여소_ID
ST-966
ST-963
ST-962
ST-961
ST-960
ST-959
ST-958
ST-957
ST-956
ST-955
ST-954
ST-953
ST-937
ST-823
ST-822
ST-821
ST-820
ST-819
ST-818
ST-817
ST-816
ST-815
ST-814
ST-813
ST-812
ST-811
ST-810
ST-809
ST-808
ST-807
ST-806
ST-805
ST-804
ST-803
ST-802
ST-801
ST-800
ST-799
ST-798
ST-797
ST-796
ST-795
ST-794
ST-793
ST-792
ST-791
ST-790
ST-789
ST-788
ST-787
ST-786
ST-785
ST-784
ST-783
ST-782
ST-779
ST-778
ST-777
ST-775
ST-766
ST-3268
ST-3254
ST-3245
ST-3243
ST-3240
ST-3208
ST-3207
ST-3185
ST-3179
ST-3178
ST-3164
ST-3115
ST-3112
ST-3111
ST-3109
ST-3108
ST-3096
ST-3079
ST-3078
ST-3077
ST-3066
ST-3057
ST-3049
ST-2963
ST-2927
ST-2926
ST-2925
ST-2907
ST-2882
ST-2870
ST-2869
ST-2868
ST-2867
ST-2847
ST-2839
ST-2838
ST-2837
ST-2788
ST-2691
ST-2690
ST-2689
ST-2688
ST-2687
ST-2686
ST-2685
ST-2684
ST-2683
ST-2682
ST-2681
ST-2680
ST-2679
ST-2678
ST-2677
ST-2676
ST-2675
ST-2674
ST-2673
ST-2672
ST-2671
ST-2670
ST-2474
ST-1898
ST-1897
ST-1896
ST-1895
ST-1894
ST-1893
ST-1892
ST-1891
ST-1890
ST-1889
ST-1888
ST-1887
ST-1886
ST-1885
ST-1884
ST-1883
ST-1882
ST-1881
ST-1880
ST-1879
ST-1704
ST-1703
ST-1680
ST-1679
ST-1578
ST-1577
ST-1576
ST-1575
ST-1574
ST-1573
ST-1572
ST-1571
ST-1570
ST-1569
ST-1568
ST-1567
ST-1566
ST-1565
ST-1564
ST-1563
ST-1562
ST-1561
ST-1560
ST-1559
ST-1433
ST-1407
ST-1366
ST-1365
ST-1364
ST-1248
ST-1247
ST-1246
ST-1245
ST-1244
ST-1187
ST-1186
ST-1185
ST-1184
ST-1182
ST-1181
ST-1180
ST-1179
ST-1178
ST-1177
ST-1176
ST-1174
ST-1173
ST-1172
ST-1171
ST-1170
